1 6.843400
2 6.526000
3 6.287000
4 6.028400
5 5.779800
6 5.533000
7 5.300900
8 5.132500
9 4.971400
10 4.835300
11 4.679300
12 4.547900
13 4.413800
14 4.308000
15 4.197900
16 4.084900
17 3.987000
18 3.896700
19 3.807800
20 3.664500
21 3.605600
22 3.484400
23 3.409800
24 3.340800
25 3.223600
26 3.142200
27 3.076000
28 2.971500
29 2.887900
30 2.857800
31 2.757100
32 2.663100
33 2.562400
34 2.491800
35 2.439700
36 2.371800
37 2.282300
38 2.199600
40 2.119000
41 2.068500
42 1.980300
43 1.919900
44 1.831000
45 1.773700
46 1.671600
47 1.635900
48 1.549100
49 1.519900
50 1.445900
51 1.440500
52 1.374600
53 1.277800
54 1.231800
55 1.214800
56 1.201000
57 1.126200
58 1.077600
59 1.036900
60 0.974300
61 0.932700
62 0.907900
63 0.882600
65 0.811900
66 0.788300
67 0.738800
68 0.695400
69 0.680900
70 0.639800
71 0.611900
73 0.588900
75 0.542000
76 0.507800
78 0.498700
79 0.453700
80 0.440200
82 0.423500
84 0.410600
85 0.372300
88 0.332800
91 0.321300
92 0.307300
93 0.282300
99 0.270300
100 0.246900
101 0.227400
107 0.218400
108 0.213200
110 0.198700
117 0.197200
120 0.194400
122 0.181900
123 0.170900
128 0.155400
129 0.147900
136 0.146300
138 0.142000
143 0.130300
150 0.125800
156 0.116800
157 0.098000
158 0.093300
187 0.090900
190 0.088600
191 0.084900
192 0.072600
200 0.072600
246 0.072100
255 0.070000
260 0.067200
261 0.052000
300 0.050500
