1 6.888300
2 6.685400
3 6.542800
4 6.382300
5 6.218900
6 6.034900
7 5.858800
8 5.695800
9 5.598900
10 5.512400
11 5.424200
12 5.366900
13 5.276900
14 5.194700
15 5.126500
16 5.036100
17 4.977200
18 4.862900
19 4.824000
20 4.733700
21 4.652400
22 4.582700
23 4.502800
24 4.434400
25 4.361900
26 4.298600
27 4.235900
28 4.151800
29 4.058700
30 4.010300
31 3.929500
32 3.896100
33 3.788000
34 3.719900
35 3.671000
36 3.585700
37 3.528000
38 3.439900
39 3.375700
40 3.296000
41 3.235100
42 3.187000
43 3.107400
44 3.061100
45 2.953800
46 2.922200
47 2.870000
48 2.818400
49 2.731500
50 2.694100
51 2.916700
52 2.687400
53 2.628500
54 2.552200
55 2.473100
56 2.456400
57 2.390200
61 2.288300
62 2.236600
63 2.184200
64 2.121900
65 2.101400
66 2.048400
67 1.999400
68 1.969400
71 1.895300
72 1.859100
73 1.803000
74 1.758100
75 1.745500
76 1.736400
77 1.678000
79 1.587300
80 1.579900
81 1.569800
82 1.540300
83 1.461300
85 1.434000
86 1.417400
87 1.364300
88 1.355000
90 1.303500
91 1.272700
92 1.261100
93 1.251400
94 1.206700
96 1.189800
97 1.164000
98 1.117600
99 1.078000
100 1.078000
