1 6.821300
2 6.571000
3 6.395300
4 6.269400
5 6.171900
6 6.054200
7 5.922500
8 5.824900
9 5.713500
10 5.579700
11 5.459700
12 5.362400
13 5.196000
14 5.093600
16 4.868900
17 4.737700
18 4.587700
19 4.473300
20 4.315100
21 4.223100
22 4.109100
23 3.979600
24 3.824600
25 3.668400
26 3.600500
27 3.407500
28 3.286200
29 3.141700
30 3.048900
31 2.888900
32 2.717600
33 2.605000
34 2.529300
35 2.352000
36 2.244600
37 2.073200
38 1.975800
39 1.770800
40 1.654900
41 1.543200
42 1.448400
43 1.302800
44 1.234300
45 1.073000
46 0.959500
47 0.888600
48 0.786100
49 0.747000
50 0.650200
51 0.583000
52 0.580600
53 0.501900
54 0.436100
55 0.411700
56 0.341100
57 0.331300
58 0.295500
59 0.260300
60 0.251200
61 0.243900
62 0.226700
63 0.208900
64 0.191600
65 0.191100
66 0.171800
67 0.165200
68 0.153400
69 0.139400
71 0.125900
73 0.112400
75 0.109000
77 0.103100
78 0.095900
79 0.093200
80 0.088800
82 0.082600
83 0.070600
88 0.070600
90 0.064400
91 0.062700
92 0.059900
93 0.058100
95 0.056500
101 0.052900
102 0.051000
110 0.045100
112 0.042800
115 0.041100
117 0.039700
140 0.037600
141 0.033500
159 0.030500
161 0.029600
178 0.025200
180 0.021700
199 0.018600
252 0.017600
354 0.016900
370 0.016200
386 0.014600
390 0.014300
400 0.012300
402 0.011500
407 0.010400
500 0.010300
