1 6.902000
2 6.649700
3 6.428700
4 6.248400
5 6.081800
6 5.949300
7 5.837500
8 5.742100
9 5.621900
10 5.491200
11 5.402100
12 5.293300
13 5.180400
14 5.119000
15 4.994600
16 4.941100
17 4.826000
18 4.747200
19 4.664000
20 4.625900
21 4.485600
22 4.412100
23 4.331300
24 4.224800
25 4.209800
26 4.079600
27 3.990100
28 3.910600
29 3.909200
30 3.791300
31 3.680200
32 3.588200
33 3.475400
34 3.431100
35 3.349900
36 3.304600
37 3.170400
38 3.115900
39 3.091300
40 2.990600
41 2.905000
42 2.869300
43 2.757800
44 2.688300
45 2.595200
46 2.505900
47 2.437500
48 2.371700
49 2.347700
50 2.236100
51 2.128200
52 2.124000
53 2.071300
54 2.003700
55 1.944900
56 1.898500
57 1.879400
58 1.784000
59 1.717300
60 1.650800
61 1.615900
62 1.542900
63 1.513200
64 1.486200
65 1.392400
66 1.379700
67 1.363600
68 1.291800
70 1.202000
71 1.150400
73 1.082000
75 1.079300
76 1.030800
77 1.016500
78 0.948500
79 0.906200
80 0.895200
81 0.891800
82 0.830500
83 0.830500
84 0.799400
86 0.753000
87 0.693600
91 0.650300
92 0.638900
93 0.619500
94 0.608200
95 0.602200
96 0.548700
98 0.536700
100 0.499400
107 0.444200
111 0.400600
119 0.398500
121 0.354100
125 0.332700
128 0.323700
129 0.275100
137 0.262600
138 0.260100
144 0.242500
155 0.208900
158 0.202800
160 0.200000
165 0.197600
172 0.177500
184 0.167300
185 0.152500
214 0.143100
215 0.135500
216 0.124400
248 0.117800
255 0.114400
278 0.110900
281 0.097300
315 0.095000
339 0.089100
340 0.087900
381 0.083500
388 0.070700
389 0.069600
500 0.058100
