1 6.900300
2 6.654000
3 6.521400
4 6.442800
5 6.377600
6 6.313900
7 6.232600
8 6.138900
9 6.073600
10 5.999000
11 5.942500
12 5.875200
13 5.811300
14 5.727100
15 5.651300
16 5.579100
17 5.511600
18 5.416200
19 5.340700
20 5.306800
21 5.202200
22 5.132500
23 5.084400
24 4.965300
25 4.903200
26 4.803400
27 4.662200
28 4.608600
29 4.517200
30 4.433000
31 4.366900
32 4.244400
33 4.151200
34 4.044900
35 3.957700
36 3.899600
37 3.784300
38 3.696900
39 3.608900
40 3.531800
41 3.474600
42 3.374300
43 3.242500
44 3.094600
46 2.997900
47 2.904200
48 2.763900
49 2.733600
50 2.652000
51 2.910000
52 2.686200
53 2.526900
54 2.433800
55 2.330900
56 2.230700
57 2.146700
58 2.039200
59 1.931700
60 1.908900
61 1.814300
62 1.708800
63 1.698600
64 1.626700
65 1.534300
66 1.488700
67 1.420000
68 1.355000
69 1.278100
70 1.259000
71 1.181200
72 1.140900
73 1.132800
74 1.080300
75 1.041600
76 0.947900
77 0.917600
80 0.880100
81 0.810700
82 0.744800
83 0.699800
84 0.690600
85 0.671600
86 0.652700
88 0.565100
91 0.525500
92 0.474800
93 0.465200
95 0.399400
98 0.367500
100 0.352300
101 0.441300
102 0.367900
103 0.358400
104 0.357700
105 0.310000
106 0.305600
109 0.298200
110 0.290500
111 0.251600
113 0.250300
114 0.226600
117 0.211600
120 0.210700
121 0.202200
122 0.193200
123 0.189600
124 0.163000
133 0.160400
137 0.143000
138 0.134700
140 0.104600
147 0.102400
152 0.095900
179 0.085000
182 0.076800
184 0.076600
185 0.058500
187 0.055900
188 0.055400
190 0.052400
192 0.052100
194 0.048600
247 0.044800
264 0.043500
267 0.043400
269 0.034800
313 0.033500
331 0.030300
332 0.028000
356 0.025000
391 0.023600
395 0.022800
455 0.018100
456 0.014600
500 0.014600
