1 6.880800
40 1.986900
41 2.304400
42 2.056300
43 1.869800
44 1.725800
45 1.616700
46 1.543200
47 1.462500
48 1.389800
49 1.278400
50 1.238400
51 1.174900
52 1.089900
53 1.001400
54 0.936800
55 0.891100
56 0.795500
57 0.749700
58 0.739600
59 0.695800
60 0.634500
61 0.579500
62 0.564100
63 0.520800
64 0.514700
65 0.475300
67 0.438400
68 0.422800
70 0.390500
71 0.373900
72 0.358600
73 0.281300
75 0.273000
77 0.262400
79 0.231400
80 0.221300
82 0.209100
83 0.200100
84 0.178300
85 0.162700
93 0.146000
94 0.115900
97 0.107600
99 0.106000
105 0.094500
109 0.086400
110 0.082700
111 0.073900
129 0.070000
130 0.055600
144 0.054300
164 0.049100
165 0.048300
167 0.047400
179 0.047200
184 0.040900
188 0.040700
192 0.038900
212 0.033300
244 0.024700
245 0.022600
255 0.022500
299 0.020100
300 0.016500
376 0.015300
445 0.013800
447 0.013600
